n_1	c_02	t_01
14851	15735950257919764511	1510890018432
47101	12064261874011234401	1511141744352
70801	14264604615902559352	1510890018432
34351	7227600235562194996	1510812327354
13351	1154622169189592436	1510803990335
14851	11644192119176898593	1510900771306
8821	553420361796981448	1510588987136
44851	8588645864295529538	1510813023215
149851	8945232580901907439	1511060975110
47483.5	17812279573881447938	1510643859169
23251	16589842066899770860	1510985422461
15497.5	17876037441563770169	1510739979368
46351	13567238414223208181	1510589078289
104851	535022830171180684	1510826301254
64351	3108872412584269206	1510922992315
44641	5399146614856007423	1511067920461
9856	10195649238351750031	1510818833229
16795	14193360946905347698	1511154665316
75751	17537979244673002554	1511161018360
22351	1813731286348026435	1511075455249
142447	9265901492969092619	1510594589253
23843.5	16623964725754175010	1510752684294
9826	7654047404676613632	1511240382101
14926	13754917102230638678	1510802016240
29701	15263102810234874546	1510643409215
74851	2305913939551517815	1511247815138
8236	15884053320114747023	1510795152175
131401	672202115729912014	1510588824103
29851	8755214554074284598	1510708142368
11851	15069426821549284308	1510797976195
10201	15084710976421745060	1510738382167
59401	12632013679219927281	1510816694488
14941	3953214609582777417	1510904790449
59606.5	6794926743544838055	1511069526167
39751	15255087401928781982	1510809281139
190351	14289244027657969974	1510895064472
16201	17501340864410786603	1510722793374
262396	6160919040131421393	1510629903177
32401	9667546448660135766	1511270252375
7486	5775110932047069391	1510901084385
68851	16571755594865831931	1510987670425
224701	496927603151575097	1510725971346
49349.5	7696060899510357260	1511158636441
18961	1941002442702374131	1511159988224
2.9205e+06	2557749903203483233	1510814323288
19201	5549589178041012828	1510880884445
22351	9996208825788292958	1510628067374
8978.5	10327426118177388900	1511060609418
181351	13772547992025707263	1510714083449
16441	6149271283106482632	1510977297244
23851	11131378106644475556	1510588827356
5986	1516850168714733280	1510906122212
13469.5	2856229144586909673	1510904129227
522001	1888156305330856498	1510588863358
374851	10504253465506404545	1510799287354
18751	18152646531494022578	1510740975343
32101	8351149980657280913	1510898847184
64351	17693279649174970384	1511242787217
11941	16050201819954685087	1511162866347
119701	2017343300691681028	1511224917240
121951	1279879844400601386	1510813577313
77851	7236885246954512809	1510589082415
80701	6766218117379930933	1510800344239
26776	3278328974980770518	1510824306272
40306	14428650483666480785	1510588991271
21653.5	13531285671697543541	1511079021457
43351	9341572662873554725	1510913903432
5738.5	595882248827752412	1510978635155
8491	7032194513460601744	1511154112322
20851	6302430298436750742	1510712084317
32851	16962910643640029211	1511065157229
68851	9635265740903509469	1510751441436
10141	3811065172760753157	1510730188351
149851	4128175330256583062	1510721852180
48341.5	10290265092299671278	1510633630170
55801	15384524530042017330	1511225654150
6601	13903326784587869869	1510590227313
78001	7090164306368265696	1511260459232
8851	7163772454682374389	1510994379256
13486	11803236205771353291	1510731729273
68581	3032246689695762533	1511060708165
30751	1639484135581207375	1511177391300
53851	15755561551090390203	1510891240386
131238	1880334256544776291	1510732558293
61351	9503065241132309446	1511164200168
665851	7405539010338274294	1511159290428
7628.5	16322531295841562204	1510903401324
270001	2001861861358970812	1511142149254
72923.5	3484651963276988508	1511139382155
36751	1952631669101527749	1511154689181
128701	15306330167062780239	1511167612395
35851	14914130801600622139	1511066023370
16801	13869715011287494277	1510638373284
12001	6444508845929915278	1511235181322
13201	3540664391170335578	1511176282330
7486	4144562399315703096	1510990597456
16618	15913776887969844228	1511184109468
9751	11684360304949527033	1510840101273
7669	3139256681018757403	1510892641300
10666	4172810379088052346	1511148461300
94951	15000673948700378031	1510830184278
14851	16766150319758324210	1510825286217
45751	1476308317482466828	1510987703246
68711.5	8569533519814490409	1510589459140
51301	17076414693530180600	1510754592476
67051	8040499709285986655	1511138129105
32851	13971324418093437481	1510902963369
22141	13911620285987730573	1510659445300
28201	11379298859953132205	1510588818416
38701	16810305220474808773	1510588816313
71821	4509870552809045708	1510649294474
16201	11034912343404277475	1511174355269
22351	1283202387602846227	1511269779124
19975	7989237360242109703	1511231306157
224851	11807129595708203970	1510591244250
15583	16171081700631458811	1510831213371
21653.5	2332718004661741299	1511072688487
20401	18208835188872863890	1510591632475
50329	14491377460669179437	1511156648313
28351	2524700792606207355	1511232156152
651504	17078193223669626847	1510833095344
13351	7286424933874959729	1510906663397
40564	5592040936656226499	1510888519210
44851	18413365226811222400	1511165322139
28201	8452241755883233316	1510589728229
8716	6513855253723025742	1510799844442
11851	2210449230571295547	1510914871283
49771	6828582499117034079	1511056484385
13201	12312783123639642188	1511003321403
15118	10937947231331767632	1510892427271
18751	16405077983409731899	1510902969374
17881	17887674374067468251	1511251354369
15526	1620656724084351408	1510902001389
11851	5252710264581495567	1510817857308
1.479e+06	1656940133850106681	1510732051197
59851	17108543920314299094	1511167482376
44701	12799538183230604514	1511160200101
269851	15259526083858676208	1511243980467
25493.5	13960969274786212664	1510724722364
31670.5	7635201480853809788	1510904435419
71701	1863635526799426787	1510710032469
38851	16615670052320607671	1510887400348
69826	9350451950133714450	1510734648376
1.2432e+06	14888738787014347076	1510590682103
28123	14621876408153177092	1510904361193
17551	12508758886247087968	1510833214137
30901	7780834757528177967	1511072874375
44851	3944721568484670197	1511234664190
13351	17233820578340829462	1510642661122
104851	10017304256877883727	1510628831199
192488	6472467005311006771	1510898100422
104851	8660125430052339872	1511240438368
59851	11720576673174080818	1511248885284
32399.5	787865036772258222	1511162257320
78001	3237266109779221238	1511252370195
14701	13000941539450562666	1511069853201
9241	12358617407340455798	1510796675450
98251	16620095031046142805	1510652668166
36151	13586644589053130748	1511278524488
200551	17409850619356182254	1510917815363
37201	12641388562756682068	1510589773339
524851	17454408833970155181	1510905598372
49351	5255764882107636311	1510643700421
239851	4615485184717665603	1511254269416
23401	17518272772032159917	1510588813190
98251	17553256725580767453	1511150998128
44851	16593646822202275986	1510925848302
28369	13378248924070320143	1511228447371
17177.5	9200166258581968901	1510626107106
14851	14622814783590052884	1510826624354
3736	7900715475822091092	1510744903300
72451	1274647553451081676	1510834538263
66973	12111513174549170463	1510729591390
25010.5	14808703414951435020	1510973395186
7351	10105071315993647362	1511243462267
60529	15694739836686427721	1510986370485
88201	13361829109300865093	1511229881402
16351	6132053872929592509	1510658792330
10351	12977006810546395515	1510816281185
28351	13964836076694089963	1511254617426
130351	3827415096829829825	1510902903217
299851	11810216220095287219	1511001949295
17971	9968580952278409247	1511066648482
22201	3840588333556105079	1510595286402
38851	9636120668805920322	1510879432126
14851	9759209207606265997	1510818458365
19141	8908444661221238930	1510705294114
63001	9840334811115314802	1511059886477
42706	5326915105760147579	1511233556432
44251	12907201685091188735	1511058474112
67351	7769789127227986976	1510815230138
75601	316686493504830514	1510648759281
45886	6389487729297205217	1510628038172
14701	10492092092203459620	1510902261460
9751	9764518890447247564	1510801978386
194851	7489553144715690082	1511171113441
17978.5	2777215016897582832	1510837948489
82127.5	16332846474313841592	1511140465198
14926	14713238705971227051	1510886701322
51751	1297924701653914956	1510791896283
11251	3789969741671164312	1510728714454
12751	8707780044487591012	1511168528310
17941	1065756145712811846	1510726557447
40201	13718297444993866163	1510837352354
8851	9197787607159860905	1510590247185
50746	17208892663009724128	1510705500402
29851	5341944227955271881	1510651189136
38851	17522211077186806020	1510795253488
29851	2411331572822037140	1511241872243
14926	2236603423820580914	1510827896401
17101	4267987185586899847	1510823461211
15601	16615707756573281877	1510910585148
25351	5380662013524298092	1510734277206
56759.5	10134789819695301439	1510895635381
44851	5919243805629204917	1510818018452
9541	12742626845163132040	1510803596411
74851	1696165133475817236	1511259891256
5851	10772804688176863746	1511247867254
4970.5	3347918303649347043	1510809187186
54751	15517881535780455167	1510589660199
17551	13517230336244927529	1510826914445
147901	12918394851882470165	1511070122225
13201	1910618174267857878	1511231493168
35926	2806409326324740665	1510595131127
16351	5916169413381831458	1511253488373
35851	2078908332301407975	1510720078455
66241	4547813827125563734	1510815942256
11401	16435579600175632605	1510589055159
175951	9913458179795388446	1510593305342
8326	9357228006032858448	1510898268267
26851	3068330561351997682	1511059846344
29851	5491581079786345119	1511144819484
65551	18304332023463470426	1511227491265
45601	1419589615335245240	1510892112479
67051	10955364924253447637	1510734135135
62851	16871972897331447331	1510808426138
209851	295986505429323101	1510593081179
8851	15795767441115511057	1510913909173
14851	16462197245085806025	1511000693137
9601	1694476391704844702	1510807858110
25351	14434061178299200320	1511063069475
41851	5907614579229985228	1510824728427
16456	16111061238611380175	1511076529159
59851	17980832492988115662	1510809666369
17851	5261265098733252000	1511246565319
16351	17935147027272702473	1510893709299
14851	1989817090511218884	1510632661291
104851	3113224737172970805	1510883753263
164851	17544439195832288914	1510589758454
9331	3210300435280995836	1510589188378
119851	65728558415267043	1510589958363
53699.5	2753557985347818932	1511159472409
44701	2960818254200048075	1511256892291
29851	14104094976670526933	1510632096220
88051	2002046627857346320	1510829981224
89851	16595460102346603718	1510639427174
118351	18052124815073921818	1511235894185
16351	5178552156992777258	1511242151169
89701	12368947030916834862	1510710780234
22051	11239900996966274309	1511235154215
14851	9377209325986291064	1510984671337
36301	13211571312614402828	1511088051266
16441	13783928939694861440	1511142636209
12751	15717573078136207264	1510877497290
14941	3332634148777079781	1510806477434
167683	11652950514219562613	1510588933424
35851	6874142350897967284	1510591374330
32251	11686402708900899024	1511137504123
22478.5	6837137333268738430	1511232275107
22351	16523056663742484152	1510904148155
127801	1451731422821954562	1511155308312
5101	17660432785261961489	1510979402270
64351	12307136982628134062	1510641936483
38807.5	2725767901355335282	1511244617372
42061	5616174666463268740	1510589180149
24271	6684761286221165987	1510814270099
23851	4977485048243745539	1511228739182
184051	12558671697664517847	1511231076128
232351	6797637717497380789	1511156120264
14750.5	8726260961348775505	1511086431324
91801	12688078870829548133	1510906195407
105751	6747738955238682006	1511267751315
16201	10714351091766290053	1510971914244
344851	11946584277956843971	1510801890386
144601	17526608975449977291	1511244451436
12803.5	12840416281933899822	1510919516156
115170	4438626883811700989	1510640493461
28351	18139319554801643640	1510916239132
8723.5	13832812637316564388	1510878738226
6899.5	12571154260563217281	1510891883384
77401	9305780890490706590	1511261721426
16051	16254467344835996122	1511252311251
16997.5	4331478718995780066	1510742799338
19351	18169703823236067621	1510888989146
26704	2886613413021395732	1510899890443
19351	7167422548707062493	1510716435282
16381	6193289477638887015	1510990153471
55801	3116482753861497660	1510643885461
54601	6374907413338369784	1510813672484
7351	2316298189892277698	1511076525266
25180	1222996479483829041	1511146912126
87893.5	11757100692568633190	1510744623306
19471	4454646116996474444	1511139558437
13351	15031978639066717356	1510589055119
28949.5	15210938079854622931	1510816580367
74881	16857474312229179446	1511086615274
24451	8013695644175801074	1511261165298
47137	15884230150694885159	1510732650237
14410	10641862446710540866	1510979322304
186253	1635793441673959297	1510589773463
156751	8328082036316718812	1510589114462
32851	14085866406203080252	1510802207399
49501	10206033488692513218	1510839052288
15601	3577918862392854234	1510997781394
52351	17193608486081710326	1511077948474
16201	7185044903186592171	1510812241235
28201	10270439264296484618	1510589687452
38851	2561643293140465369	1510588807232
10201	2720229980477064327	1510589171446
7498	14984254133930986709	1510830462366
209851	17742041097393211950	1511158944126
41221	6606597348679542578	1510648799382
149851	16029794816922276245	1510814376306
130951	757480768337737491	1511236855153
17701	3278144208482401578	1511086305216
55351	11425434373155722888	1510589719437
44401	17017838847716281436	1510813088123
373351	15150760392999593698	1510727144375
76351	11937003572946918326	1510896418408
116851	17775706628399821726	1510589014118
9878.5	4801548167898020591	1510589171151
40351	15017759528203042511	1511147793435
14551	13314875550566435711	1510589693112
16618	5786669167079165130	1510588986276
143251	16472436480454572166	1510736136242
20551	8158693922638659446	1511081537167
53545	11339448386828187497	1510626730239
5641	5589391754168729692	1510628337441
112442	12218193296869921010	1510640378305
14701	14415653518257701023	1510829546231
26858.5	11306652619222933270	1510592513201
61951	3630285239951374063	1511231385456
14851	6541899770445310813	1510974291318
15211	6085848446529244799	1510974263391
37351	16624148438968173549	1510648106360
14251	6735138667382829800	1510588818302
8851	15574226286204120728	1510589131314
44851	13381291748822752886	1510642822109
133501	8665401542692212193	1511152017436
407251	6994064599176486950	1510892935270
16618	7051056656662753426	1510642990377
26851	7963465115913456134	1510719090250
430351	17715887065872413050	1510636806340
59851	12207462388576168527	1510643571193
49501	16091896501474160643	1510651496304
25351	16295017316212273187	1510597616245
30301	586216129402229991	1510629461140
14101	15053668386739390144	1511224394329
11851	154936494610991795	1510895958130
16201	8779515966374702476	1510798026236
26521	11471352374149902753	1511174622135
14665	6057072963048872511	1510589958361
19426	8088362247330088954	1510798917181
44851	13369431394322034886	1510645497326
14101	13496536582767871119	1510630147325
8851	559481114104863677	1510897562111
16618	2076251469035979005	1511230834395
14851	8767882377257732127	1510588846465
103351	14748497506832429158	1511066138454
475381	16931773652036836352	1510738582388
7351	17968249929529181432	1510637121206
32851	16289946323501396877	1510589469343
1.14417e+06	16785164318969724453	1510882067354
901351	16225332247663286319	1510710608213
22351	2144799223544429024	1511058276244
113251	6736109728839526882	1511251693225
159560	18009520829609708501	1510813115416
79051	12556444527214843801	1511246244246
9751	16434089610174256758	1510607586235
172928	4637940563915832680	1511230705362
13801	8799599304227522138	1510899736204
67051	9712727693554055232	1511084146300
6751	12844806101664022946	1510798309123
29026	3248962377719613319	1510743616446
14851	1111194987988304904	1510595257181
50401	11026608593250926548	1510741795115
194851	5924034393999515285	1510823858201
389851	423264599514841958	1510588956400
128851	14460993192234459360	1511225344132
9736	8506555130953025004	1510794215410
25351	16742028283295509446	1510891351146
756854	14801536978838608115	1510737249168
32639.5	15090404177530388861	1510747413281
31351	9456261157928193683	1511240139406
10201	5308069181937172883	1510928838183
20143	11235110408595841493	1511227030295
14941	15832168575838334459	1511139185419
945010	15310973199401012350	1510836472479
23701	12580097818049671247	1510596223270
9181	17089082516713756237	1510800572170
87601	12009931598720644785	1510709061164
26851	6021828215543585308	1511065713165
8851	11313242978521654563	1510819188414
63751	13225288107649167933	1510726665420
21751	1064224650611974984	1510728004279
22351	12617303945871291432	1511226345347
37351	14358658280466321159	1511246287333
9586	3679868274095754714	1510901277205
46351	11717841069457649913	1510589429103
31201	14146227806272116771	1510808079256
14851	12811698670763967789	1511258632256
71701	1524276796777781613	1510735382209
22351	7006593895665286014	1511085387458
8386	4427119906815979020	1510591689458
197251	13350185239065796408	1510804749343
10351	17258332972961882632	1511001811149
57301	11221708583680959778	1510908778261
8851	7576946823047078699	1510977138232
48451	2856044378088537887	1511177105451
39751	11992731420616284345	1510589266295
55351	8630796252368544193	1511057744152
5071	15805364510728160784	1511262404285
14851	12540024712445208152	1511246868364
10351	13056551475328563730	1510625725122
12076	7505952692439266345	1510813955202
74851	2073951489758765260	1510662300448
480601	5039479863030788735	1511251338318
14851	6300465537319939598	1510883898131
13201	5519782158454210532	1510590246224
59851	18433346546764689224	1511247081276
37201	1566511047777558946	1510588816380
15412	10175088707073042351	1510993696290
41851	7032379279959042595	1510840397342
10201	16240412009383370207	1511061707304
37351	16891762051633603830	1510590300398
13351	13924136629787418617	1511168213309
55198	12725602171356079112	1510624802339
17356	12787021839431197221	1510641220241
14851	2244512681764370641	1510594554203
7486	15518722291577461900	1510908177344
104851	9516952029465743672	1510588824398
4201	17688821383335037597	1511266729360
15511	12572250419656084682	1510795464241
164851	12421964728104157892	1510659024153
781072	6372343995417719014	1510732986115
26251	5756913781007009198	1510705915485
194851	18403817454345835036	1510724820382
241756	1801395807750698379	1510656606277
17341	8010198309788480923	1510654336227
7486	15488161090524674343	1510590309130
97351	4903727424398944189	1510589761473
80101	529096845670342512	1510926943458
107251	6739184121086974705	1510833112316
13201	14646453302813684475	1510821381135
28201	17191807083507350582	1510596142481
11881	11183835805356638577	1511137299419
16201	12842005273866866940	1510711118271
92251	1610804620647385116	1510745044309
32851	1264188388391346532	1511254246238
11851	3001208910723695347	1511091196397
40351	3261909160211301871	1510822838487
209851	6697152113927202146	1511229855128
8281	13101196836801196130	1511148072375
26851	35834998850255813	1510813334126
13043.5	7984560547002984839	1510720508121
27751	14384708736638170242	1510908212461
53851	12331629047462576264	1511255403337
56737	2487836206222565074	1510589032361
155881	16336530228901310474	1511143239212
29851	3355933711955362573	1510641708441
62911	14972873186262094412	1510590682393
16351	10942474194003377100	1510750486298
48341.5	3422870477335927999	1510901757489
20773	1157519664360467003	1511145675144
89701	14337904653434119511	1511252906353
14251	13851309610239695702	1510806578114
58351	14775595773351454491	1510722162317
14986	9820353491161875846	1510891167423
59851	14403554660461140826	1511185826470
22201	4199603765752299495	1510607359445
68251	6499626014443731848	1510750566454
89851	11820600470436080006	1510825235454
71101	5623140508682091756	1511254012414
95851	13292663135222691291	1510595443280
8851	8299778665603716804	1510803482277
16291	2377342375047232801	1510992500192
50551	11409357559362663397	1511087673388
9151	2369054452289607372	1510589355449
26701	4027438433576915718	1510597236403
55565.5	14460152436437465739	1510628511136
16618	6531862900509972627	1510642424143
70501	7889260274734738653	1510642158187
8986	8800252814765100761	1510889902344
11851	6962654808446488796	1510643079419
14851	13781886535743509945	1510883054214
41992	14903410590052700048	1511148133153
16471	15301820595804013579	1510791976390
82351	10745278477996261946	1510711362239
8947	3614002734049096556	1510996073202
47483.5	2808480843095718936	1511248001290
11851	5806937271430293955	1511259984190
8101	11601813617381453980	1510839844106
10501	15608014728356181440	1510889643099
29851	16186100246418746080	1510641812367
261301	6586777638114083927	1511224246329
38270.5	12348752723201090267	1510737782140
166636	9395401739271744803	1511254263382
41851	18431015800966049776	1510593020157
30301	8866838303187447987	1510588951464
17701	1784310228248247243	1510590354363
16876	9231576049312053185	1510878739290
13640.5	16037685476155313714	1510648129428
14851	14357406814669211816	1510588853114
224851	4435800193173585424	1510829748214
11701	11182744031037464328	1510991402396
35386	12322811517714118979	1510725681292
28949.5	2436987372447103281	1510595369308
614851	8934663564062688702	1511177426294
14941	12744131808243633340	1510825260251
654001	16173626606226084174	1510924723399
239851	7042164873496036747	1510707433119
13351	17005305999862335334	1510915716296
14851	18366561143607148212	1511176867487
112201	7269601805207956971	1510632562151
83701	6714233560966771112	1511058233403
9113.5	16215002624086907781	1510795576389
12601	4611161147889280768	1510729051205
14251	16755105619560175866	1510643005482
55351	17065876914943098905	1511182056139
8978.5	14246580660963495450	1510997631308
25951	9755068491096888744	1510992269460
9653.5	13512439747874593025	1510821248408
32851	12426212198679169501	1510833998102
20701	3201049741554735294	1510840210247
14851	3645514067770542039	1510799154286
1.28776e+06	10626460566881297652	1510746692333
9886	16001625138235046595	1510908719288
40351	18109761187834522920	1510718449356
224851	17000216493236881071	1510721736178
14851	12607370628787832796	1511261622440
111751	10137215928748620757	1511162165407
31561	6917746362679304847	1510812313369
19486	10411292529008225853	1510654879165
49801	15140863126466860085	1510904198209
17281	3126626562087950787	1511159333272
8363.5	13993553687863975264	1510913071250
11101	14159186982632106861	1510912482402
8251	5514145401570336318	1510810098268
26851	2252462725404969475	1510840098445
41896	12485192988795471475	1510816489342
58051	16372950346439677169	1510594589355
18001	11881459889092757846	1511062034252
104701	10155107387119622835	1510878568326
44957.5	997712255692381476	1510819820139
37201	3763340667625003818	1510904606304
25351	168489798909866315	1510707787417
38101	16032009406669436358	1510881066429
32851	2467825611720957539	1510730402197
17626	1570069882772879736	1510827494196
69901	988932145521350063	1511173880256
2.5	5032090355072484807	1510657218194
5986	799494263171415563	1511156940167
67384	6536810263819856580	1510730038353
44851	2161034271815512364	1511260989197
16141	2566899053938261725	1510879323315
26776	1566832129153394294	1510735561149
89251	2772571984559285249	1511168598218
13471	1981915832373323425	1510793501292
68551	15805291701900773703	1510657048193
8657.5	5567146593114720933	1510819088297
9653.5	15585507694734741304	1510993869420
7201	11855859271297372616	1510906426289
104896	2323369937820417041	1510800450355
11851	13528859562644048207	1510821477487
104851	17422980248847519484	1511173027399
10741	15882677315943993467	1510819609315
11851	8350965214158856143	1511165084247
9751	13109069771636956661	1510588987312
44999.5	9436279837974760295	1511138684484
80401	8594849088485002991	1511244204380
223351	6421673400306302852	1511249303342
22351	6787556844381807936	1510884836349
68101	17689681657565873888	1510825364143
14851	14031141601289109775	1510976326178
23701	9973134480923550848	1510589171389
14939.5	17024151923685306870	1511227901135
18751	7894866432611587602	1510919781283
14926	17444024583629379052	1511156716115
13351	16039428844690661772	1511235867412
37801	13479392848888425908	1510735687381
53701	17427604768859980468	1511156855273
5986	9998898855830341246	1510817044116
8011	17427789535358290656	1510898340449
44851	15388876854630936465	1511166454136
16351	10603767219690956010	1510629668392
97351	6462064056829915338	1511078407452
65401	10192574846104498284	1511253566364
41851	17814842991802124359	1510716613121
26267.5	13433189262004091997	1510740181254
23164	11733322508790369081	1510708414245
61351	3758882401785061527	1511063185106
237001	10697080745765594508	1510922218185
40351	10507029871189358690	1510590326435
3301	9774385885833412099	1510589702149
9751	15489467367312013773	1510805742360
38270.5	1102301365305554772	1511164504345
26986	7375915005265743487	1510794302365
8371	15862552844273050806	1511000226295
14851	17117139263987108968	1511077233345
25201	12051156959079756806	1510752276146
14851	15576604937626190862	1510636487185
15031	13128986920793551776	1510994829197
30443.5	17277346972173259693	1511070192183
68101	4403383767952529946	1511233348407
37351	1058349203597973250	1510918005454
130201	1433644950787836276	1511155472260
52246	7346630841993965042	1511156068231
49351	16001440371736445613	1511225728425
11497	1470046085510730004	1511251941277
9751	3892355190926149368	1511003599153
14851	10297041849742866601	1511071441316
207937	2602023974350760192	1510811019238
11986	15678072363286731213	1510724277348
34351	8970684380270094922	1510712494453
101551	10768089900295237768	1510817027453
3736	4450187851156539593	1511161641250
80701	5564250852663809410	1510976531203
94951	4952216840510658397	1510641932114
20851	14057361782795473904	1510705729450
57301	17501994376537026548	1511246020358
3871	6421019889768724414	1511261451260
24151	15888283558616903887	1510792349458
600008	14773032355430991161	1510650897231
625135	2145556755834618037	1510590227206
22201	1762300949447501459	1510589554295
224851	6435259991719619366	1511250510279
17251	18205000328350001882	1511147853239
56138.5	1930618192361631118	1511138743171
14926	10991292504226950792	1510988902475
8986	14023468324900890237	1511250456485
38456.5	10925464668432986783	1511232007396
77701	2033789582005211118	1510647019349
14851	6791206938406497096	1510589629370
55501	11357254454521688219	1510629898481
82351	3279165452856149119	1510620039266
57301	15094172818394255284	1510589774121
5851	15494082879822041618	1511241121251
96601	7574995572734816502	1510982879185
6274	11482328416518619945	1510751787447
26521	15086350769608075653	1510751339216
41851	15425709499629724496	1510724114239
26851	3144212866016543572	1510816268452
124501	7778607587078405193	1511158545355
519937	5472099990237349545	1510713663488
73687	14329785878890180106	1510826567202
8851	14627399078756493330	1510589761105
27901	7681067187032409241	1510590166427
6728.5	2536330019005393238	1511223609306
22801	3921886122861051691	1511248670120
8236	5826598849555961323	1510590193387
46351	1439570935288691392	1511060970353
9601	5736854448620747570	1510903590460
253351	16599012061909652106	1510802718355
23851	12876817416656761346	1511141248272
23851	548424655086193467	1511139126354
11101	15735765491421454409	1511161283339
37351	13282903570452423395	1510631027453
110701	13578089754901357274	1510980078103
715201	4216540070044648170	1511227008411
7628.5	3080454998334429727	1510713724225
147826	9329305257957569350	1510588863276
9571	15646329409138735498	1510899114104
59999.5	27665338256637219	1510819248475
6601	1105153286801949486	1510888068334
54901	14498083248800858182	1510659685486
31051	6132430058982323383	1510818588430
3736	15981083305096446391	1510886548143
20851	11586946637362850153	1510814125248
76351	16977827247313054979	1510589083125
18296.5	11371966380367453330	1511089737278
98851	3423777485156767263	1511225350152
19351	1044331572397985180	1510982584444
14401	12036418114500225049	1510611227240
14851	5451905682521637662	1510741367409
198493	6878264369267012765	1510597424229
44851	14065855811701371247	1510736589344
8251	9304316436931123526	1510750547202
14851	15100657236441768359	1510879004166
11851	7769384182925406828	1511063496338
1.27485e+06	12692869459199692549	1510915338224
25351	7564520001240467583	1510632609455
67351	173782418433893131	1511161107201
425251	11094921230829369887	1511082556194
34105	10537088570599138790	1510909974107
34351	814762053441066823	1510742765375
7351	11387447819700159470	1511237440236
14251	8811882041164286711	1510901271347
10501	3191234333653931569	1511235552338
42901	7810083629832102781	1511159816240
64351	6615932425828236642	1510707881446
5101	14284453439287602378	1510883108464
53701	6779883567993703360	1510913918204
23851	14700718438819699191	1511159234452
24001	6992992715277710531	1510631328237
8236	13210730556817150331	1510591244439
43129	14768497524926057326	1510902450235
5161	13816960570106242381	1511268374177
14851	5192417561343930937	1510751707270
11251	3904515678459446874	1511166262171
14851	16205137939947543732	1510736795381
52351	15965224003511927001	1510818584449
113251	9576840202439772498	1510588907225
19351	16650310568135848715	1510643424335
19196.5	5587900220146856469	1510828412378
30503.5	12177929372805552470	1510593095144
81451	8702138924885952171	1511158651466
56101	11890014723244556145	1511238610410
78601	1579278227462224853	1511247132247
43801	8742067783892127876	1510589029320
10576	2231709098372851306	1510887130258
59251	8042344809236055895	1510821828159
4801	13304044082891848643	1510828681463
25561	15190278085222807048	1510898116361
7169.5	326021570653513283	1510707791432
14851	609284073742775274	1511246537472
26776	14484682597507972817	1510752730246
16861	3781530876736505487	1511165824178
55198	17723855621839070178	1510986209116
22951	4490393741181754483	1511228710272
37351	6669825609370790523	1510813744106
20341	14668680491357219793	1510900118251
89701	14146556863701230790	1511187496424
9601	10790400408597624507	1510890397211
215551	4876745947390284351	1510904935391
15046	15158518063339629655	1510803829171
8851	9551763963144450934	1510732391338
14221	3759636010723414076	1511159581136
5986	6207341174414774024	1511180835427
73201	16106214247848203537	1511246121118
261236	15219420292234231305	1511250507209
8056	4024329253173940551	1510588837319
119851	895134048011862923	1510811747469
128401	4903280207065092191	1510829250335
26551	12753728877856321461	1511167802342
25561	8596434507217743431	1510589138357
29851	9907821422911449444	1510753241167
86837.5	1491937312847192229	1511240473105
14851	17559182710081622329	1511004156277
13351	17658205614812050958	1510822753102
16894	17669209715127873156	1510589840327
16801	2182947650154642645	1510974581223
49351	10774328411696530679	1510593095163
27143.5	3466459549991665781	1510819623300
79651	13726412478823118429	1510726978485
19801	8011150738581174399	1511167140283
67351	3966690687916047399	1510590076460
19351	1912463483328917317	1511174605419
18481	7859616727584176033	1510816118363
40351	6845852845117858902	1511063289265
17600.5	15960580971173655080	1511152068379
1.0482e+06	16612677512523520041	1510921541157
90682	17612090453451536111	1510595257417
104851	3799741802347861775	1511082037314
20851	8518823837030961070	1510646621270
52480	3098254183394010773	1510810192318
7351	14039730893000160001	1510813045173
163351	7909106534562659042	1510905473118
16114	5541785058786243300	1510620027355
14251	14787443547149945023	1511247575289
61651	310922182279624334	1510588910316
18997	6486522340763526015	1511157239252
5986	15656976932197220160	1510723944296
513457	15946802960206110633	1510728625473
31351	8759267961996475068	1510706752488
31711	6770111507316883957	1510588994148
5851	6142027128594912702	1511158016340
110851	253002325764393670	1511145719165
89251	27480571758261585	1511080198155
83851	1471955992893761453	1511139137305
85501	7623750906251007772	1510900806347
67351	18098928898277992302	1511162669170
103051	2756152169789822031	1511170698429
113851	16720357233763209418	1510732507411
29851	5757172016044987087	1510910715158
10351	9187922923020233424	1510589083212
23851	1720287454613831659	1510653801382
43351	11235224183727083913	1510725074129
17011	2739633305706420321	1510791611141
43351	7948064149474937697	1511064128433
50401	6301100326420375235	1510753550295
16465	17051825218167220926	1510991020422
139351	11470179273766626615	1510925995101
660451	17753703728067557022	1510723257400
10351	717881217482695587	1510908146424
11851	758729939599509219	1510590232272
22891	4445397262786207025	1511156284406
43801	3785686466895305611	1510828065285
9601	3221803368586854462	1510892131469
74851	12932393784942154075	1511240910271
23851	3802772046397752652	1511144656475
28201	5068913501833162340	1510829021473
23851	184510312348192541	1510625748425
12751	17710816073161536900	1510632340281
21821.5	893898762591587107	1510985444456
65851	6458409191097301265	1510810919210
3421	7844257594105286161	1511078084118
11851	7827638840732136635	1511058948306
1.89e+06	6182233018620217052	1511223829455
839851	3633984054002496932	1511163950174
52351	3855100719703633275	1511183161299
241351	351659333438975807	1510634077312
53318.5	17066165418518787637	1511149055245
14581	17015275429795622527	1510732813239
29851	38049588597397494	1510842358411
9601	1266967339331758644	1511065743304
10651	6053770875315598396	1510797229352
23999.5	9802758055416208247	1510715085303
22351	17270031926744315982	1510802129121
67384	12935613440274759130	1510643054181
15571	11339025884054168433	1510801076247
25538.5	98255496716398460	1510817264104
34201	17034777342917252194	1510817900291
32851	4316419782436926168	1510707091249
15001	10732543505051601260	1511227372192
26851	17258148206463314868	1511258408403
194851	18386370277764773555	1510723331209
71729.5	2062252535976334962	1511059032108
17851	6425662922106931759	1510971611199
5986	4813659358284055201	1510819280366
23237.5	16791600902760442623	1510736990281
58501	2010601462009117357	1511262311362
73801	12185511967285296876	1510905816350
30046	2585744977761195385	1511155202394
16156	13121442030566522128	1510589419332
73501	17285137038072052003	1510824216316
13351	13986262197079335587	1510620002114
29863	16518691843247193043	1510589176351
4651	17358905819642754563	1511180738311
114451	7512264136762122279	1511156721257
464851	15032155469646822963	1510588824213
16777	4845269904636576544	1510973973120
11101	15048556608773247107	1510725754470
250602	11750010311976318865	1510827781146
16618	8853868363585399990	1510597637438
149851	12662254850592359646	1510733539391
217351	11965830433212900455	1510640656138
134101	13784113706193233151	1510831085478
8851	12329349397971614005	1510588913205
7801	13041483390682849102	1510975665339
14665	9395570700430037387	1510814035170
1.1232e+06	4008144405061843814	1511240708140
59311	8489689938365803804	1510752776344
34201	1588111273457174858	1510628464362
57601	229629062644385765	1510726965290
62851	4044538602053590367	1511241316438
278551	16937466853145537673	1510749311276
20273.5	379621603227260256	1511228057187
84961	3304129525369542430	1510708104234
8251	16890556828690403483	1510802153163
8851	9324327031432568822	1510812315454
8251	6904443750395473544	1510839581416
374851	6645190680671253974	1510809858213
16618	12982346634149758927	1510643988314
44732.5	15347123059314357831	1510723782107
8821	192796417645392812	1511172084446
47939.5	14735676689779713329	1510710933141
31351	2616199136896070200	1510650320301
23851	18213906181583744804	1510588804485
10625.5	14765567379277189756	1510995832353
254842	873917442638152151	1510899411459
20143	16867877260710141943	1510841523208
49351	11112673788930302848	1510813595161
71101	10762927773486254161	1511157168440
16351	14155046266122793032	1511164054433
83701	8364971337260350708	1510798926110
15091	17296192895996216593	1511270954128
123151	9267792417536572410	1511251498473
13336	18285035700412945282	1510589484489
14401	15749500798782512754	1510588935234
119851	5451475288161899408	1511156263322
6286	8860458722884084875	1510821324169
254851	15236897401928349832	1510827840275
13786	4789082463623546978	1510970416354
14851	7333229017078917605	1510877544220
15601	1759017305955253456	1510588892253
18961	10702721865367266579	1510909648480
11851	4423842567595872986	1510643257184
11446	2665371295114462002	1510719997341
14939.5	17522394790401074388	1510655564225
14851	15260724158812770308	1510589704426
24271	4688827166273041242	1510900004306
29761	8625233356919557593	1511170319329
32851	6116526893875530569	1510589210149
18226	5414737905968127316	1511165100308
13351	16091079918657945619	1510925591125
178501	18326392957834499172	1511243696106
77851	6702989856688587786	1510588808350
16051	18392161761402606934	1511258699327
83758	11041430119933095337	1510811583279
188851	7470250641928381911	1511231940391
16951	11745219723605975369	1510822338474
1.2288e+06	18082693850006912291	1510896747176
29851	10684139214261761208	1510715913454
41335	7975891937720071101	1510990747211
20851	17663906048706416028	1510727516119
91501	10859814661405957324	1511264082252
34351	491108372716207720	1510909493241
26701	3104975776865843278	1510588816280
23164	2519910204235930527	1511224925251
25351	11435840894837294607	1510630940376
17701	8046398217158258575	1510815499290
403651	13676265437834159203	1511232489109
11701	10340827943092270186	1511266366340
114751	4644202795887548937	1510913357155
19351	18023695992155071799	1510588880408
6826	13381027875010888044	1510974443281
11851	18027565686863125243	1510792411323
17011	4107981022540774402	1510750190102
65251	16828712882104582864	1511271739133
79351	6373086590170903669	1510589466236
14926	17990117504380551671	1510589713429
67801	12780210373814851524	1511003491127
15751	16167742236506036899	1511163421467
136051	10055974630609731983	1510838486479
14851	10647555997970757785	1510749421336
50401	16705421556912965553	1510733066280
56581	10557088588692754398	1510824802273
22351	2920118807293351162	1511171594375
26461	8578429273715614085	1511245077117
74101	6731319140469292238	1511269689454
33592	17633067809432412452	1510594547454
74851	15414908798476735575	1511156855279
43129	14954336691625672284	1511143961140
1.21916e+06	6821730808655038530	1510833248205
133201	16157444492190229425	1510763631392
28201	14282981795686325503	1511163743338
2.44785e+06	7930309999971258579	1510821505358
46102	5548935667503438369	1510897581143
13501	18119094984729765126	1510978935129
22202.5	3788816600234897378	1510746865298
17551	3360690896050431913	1511085953207
10351	4836589618279076615	1510654805320
44821	13177685851916882547	1510827803308
26851	3326940947668394668	1510815556235
20851	10096516481842009252	1511068643163
75901	717320866026097142	1510594613226
41629	863514494157063782	1511081382418
131101	1578624716924644382	1511258910175
61051	8485162975694161544	1510898437407
14926	11733206792104720901	1510993995239
25351	8510448520890076972	1510589829312
995368	7177827790134969657	1511246404133
599161	15011455953302005927	1511227797267
3736	4206936948470492591	1510811462467
21001	579462434058296965	1510981797122
27751	9637829158823972611	1510809747291
53701	11032353570267896151	1510597571257
26701	11383420878322048644	1510634651475
37351	16183057421666248902	1511244124354
59851	18197765281790053130	1510801120453
57451	7609151024681856081	1511260471226
20849.5	15404026691276927211	1510590297319
40199.5	1306851755085942508	1511161992243
59851	14826426797933637931	1510969972445
100351	12836275565424477478	1511166263425
26851	11686587475399274687	1510826220145
25180	13169846321356404980	1511140790293
59401	316088914870686504	1511242011472
8851	2296316869938832526	1510924639189
81001	4861468257371541507	1510750994110
94351	10956033703365744710	1510889975280
26101	17542405384902550184	1510727829475
20851	13380843108512520912	1511242653119
98851	6421858166804603955	1510986973489
74851	1177500984313898207	1511234578221
109351	1900528564260554127	1510706205183
26851	17405709902846822902	1511165727403
105751	2084128703849090984	1511252928149
84151	910133810862671134	1511250625437
32851	7904463502224291091	1511247373107
191101	3463385157744324986	1511258743289
44551	6147627728296596628	1511074181260
65249.5	2123485245055691194	1510588913141
55201	12829035334264742625	1510589719244
18481	11907854426615520298	1510801241415
14941	4623449168855417425	1510971095164
8251	8909393635563067352	1510588975223
14153.5	8986110679605002552	1510817665183
26701	9081384504649080451	1510589146327
23701	3207737017360434718	1510727170479
28351	8295012100558099164	1510639111146
17971	693416881587538951	1510812099454
7336	14122842064487722320	1510838188486
554851	16236713195332181368	1511139779468
8701	14718476511675322057	1510589676409
14918.5	8838563856871058944	1510830437208
83701	7152952144733825943	1510911368123
23851	2797030268493001080	1510977300391
9113.5	11450542528950344796	1510588969190
9046	4650169914206536143	1510794456391
10351	10756616329163439182	1510799466402
5821	1506654442298349919	1510588898371
40573	15913961654468151224	1510905978377
17401	13995942114720357948	1510715230422
412051	11081592027686515212	1510815565157
242026	16423923907232403602	1511170142286
53999.5	838234152566649335	1510593081294
96451	17570253789197901350	1510589500248
57748	6233495367664125445	1511081485336
69751	4480532158512064597	1510661496241
780601	7116968371478423177	1511137844256
6886	13413532559829508878	1510712640313
16486	12228927848037571937	1510975544189
14771.5	17397220500425309305	1511225981298
4471	4959292634958356953	1510904827245
15751	13720842350588575550	1510971263115
20101	269247127414092438	1511185478151
12886	18155422937176976688	1510640643156
11176	3780895878524964207	1510823301377
98101	4000018692786729493	1510838865379
23701	3380500030208105871	1510588810145
16351	3511133459235453290	1510911730424
26101	8303832073525899134	1510802104131
7981	17451697860017649311	1510835408319
42151	14937251112123283890	1510828015190
26851	8138739628491752081	1510588818228
13351	1595520465775118204	1510742016429
15646	1797273789381654941	1510589606214
59851	11031498394252328754	1511078354129
70351	2576147908148524792	1510827053129
40861	8241566818035055710	1511146475294
29602	13681110015312751637	1510734640220
14176	233988326552893657	1511091641189
61351	6229037101824158856	1511155169359
17251	17308025419519551611	1510708410152
77251	549078165623767816	1511090736247
23851	10515323372589203708	1510595592155
18226	6452715989988584104	1510803061347
39751	14077945684492964131	1510900349184
54751	17523343764742776083	1510589032392
10351	922146742363937023	1511145482277
404851	15956882157122728814	1511235853341
116851	18118910218231463274	1511246038393
23851	7203878246306823110	1510907039367
55351	7806324862243432055	1510593479150
46201	15437964510677509296	1510838483148
315792	14990141974813341931	1510635801383
32851	16832193970638785496	1510594528380
6541	8328131972709035740	1511265209383
62911	16144092869022957844	1511274852448
25178.5	4297565575153053381	1511270978269
20251	1109680249473542650	1510743308430
1.21062e+06	11973082423193235516	1510590360170
14071	8209956271682533663	1510906687479
74851	9491963208439039381	1510800547437
24271	15364570235895409105	1510726792261
34651	9006091999558470480	1510907896218
70051	5720020743545896625	1510708828376
40351	1097510776935236260	1511158779163
163726	12207639219156322502	1510588800426
6053.5	15904424458410595756	1510706663194
28201	2576927448012729523	1510589554358
29701	6866608676323784282	1511079656156
15946	14264135871863422047	1510899361284
298351	16135224242966593384	1510715777227
19975	543131190035785233	1510724102388
13201	17728639272478297761	1510884176219
126001	17964127911160269009	1510589668283
32401	10799171661539023636	1510799611423
109951	683275927159083983	1510818159304
117328	10389221018229393036	1510715141363
749851	11635476607327707012	1511139989210
9136	7758663971377615727	1511146372334
30001	15970014591882261377	1510824399266
3871	398635602438759445	1511242133479
9568	12298442923287795479	1510841161172
20401	9901795549120869870	1510973225102
20956	9956993581129850850	1510809842159
53881	9065805445676690452	1511084967453
15601	17084236742316375608	1510589882387
14851	15832251444775415082	1510588898118
9901	12633566513970586405	1510756313410
15661	9953653493412684801	1510627592114
449851	9943005970354535866	1510821544189
11986	10656202647062433541	1511162169400
45472	2990627397978142306	1510712239239
28201	630188620896226621	1510641851138
12601	12534979067753442887	1510588819306
10411	216918454108199473	1511147645126
22426	5193570702780091427	1510730794202
89851	9398170275532689558	1510588959242
52351	18351320873165851026	1510882327399
72601	13082182837589731261	1511138469462
19351	10072394445379203273	1510837872478
9751	8852581488070975974	1510994902193
626506	9188893984477061083	1511248640377
8251	14464919001482983167	1510814641376
134851	17357114708800862546	1511256647100
23221	17350403921315062019	1510730646171
15601	11958443681211818993	1511175458309
81001	9667731215158376194	1511065145484
14851	5362617156270993738	1510798530222
15698.5	15359985940728679727	1510999121208
16051	12256717932030051903	1510888220328
16186	16577054701298798870	1510807651177
80401	4383402447999130750	1511090605197
254851	13009872844330258830	1510820322188
498402	3648458483365838367	1510658772358
19690	6085663680030946985	1511243828435
9751	15529442503125138639	1510881388151
12601	1283387154101222012	1511064373433
38909.5	8449215811810629020	1511149036241
5971	2135575819391371206	1510886448462
8236	5326466713562981328	1510589180235
130351	3266699748581586635	1510829222118
8851	9773549407958027954	1510922381372
17701	17962726437043894955	1511272239376
16618	10087985736491323564	1510927176157
8978.5	12579194383429186300	1510588909366
9901	17572584534996802990	1511260939403
9436	11179045216986209369	1511080120439
13351	10445890607454973440	1510588959119
39856	11309102262012136925	1510994156312
55312	7722580099721446640	1511147466411
9856	13173545135407528298	1510978336285
134851	8319825417287497056	1510593472193
26701	11876343092894057328	1511002713476
28351	16144263582165354214	1510590360171
29851	7355667000887534191	1510726266372
43129	3419161972646690758	1510812789335
16618	15508644912121129164	1510589146168
20851	8032201210120613596	1510591193366
16618	7066685652027449821	1510588863459
58501	2015561011537719861	1510811407277
27301	13844750938773946624	1510641196382
29851	4611337978469385615	1510707280146
25201	1214932844937611448	1510655467162
14851	11763412136891298783	1511140574471
13201	17328609321217272085	1510902739192
8978.5	7517426263571101877	1510815635286
50401	11676018458560108392	1511260062310
8551	8895717523745324617	1510972670136
19351	14105043951012195357	1510589154428
57151	750722523220575151	1510731005283
194851	7914847752565054502	1511143394272
179701	117101420539299296	1511142555235
40193.5	8731051549719108361	1511140062343
19351	5737757248193451652	1510795176158
5701	8855611732120876880	1510986478471
16561	12334844058010655541	1510988641220
374701	3843471493304510493	1511228465249
16618	4294954699601247766	1511272979420
6503.5	9611662384872235927	1510817131418
130801	4946828770199892742	1511263097462
37351	14345899837673325017	1510589032128
599851	1115317006357350432	1510589057213
52351	3318627862358511457	1510974401343
79651	16959413309252582210	1510590342115
130201	15070088201508787600	1511187852463
2.4432e+06	6533326423967571904	1510819180226
7568.5	6492448325264372191	1510981687351
7546	4880444761441473477	1510881281319
1.37105e+06	15967898391295654268	1510729921280
15133	12106275368845042906	1510991254107
8251	5867796690086855986	1511183275107
14851	10905026011520612052	1510589440351
18298	10279968524435820861	1511137181332
59851	11846980068833134796	1510597616348
35249.5	5219737126580462900	1510713559119
8851	3336114001389968602	1511183811426
37951	4887208210164018651	1510589239144
3301	1655903950350670438	1511176890331
65101	5019498543077356571	1511153221463
14401	9487205939547790070	1511090054261
23701	5049115028879520369	1510801767302
14176	10039997604068094011	1510745890423
57451	8760434925621971829	1511267203397
15778	6222050907763344162	1510827149155
59311	9782563747700425186	1510741947483
13201	13221057869146803640	1510728156165
23851	9155774112326120866	1510649769454
81649	13686803216421434284	1510743134242
16141	15362058736164598292	1510723005487
55801	13994612142704163482	1510732252382
12113.5	6233680134162439775	1510819425393
8251	15482923284820499921	1510824656303
25201	2566714287439886003	1511156071283
11341	104965647566006281	1510816064246
29374	2018281676128426229	1511141028106
64351	609211264915251908	1510705534434
254851	2910255403407366956	1510626141373
10351	14274471402177807292	1510721537359
152251	18062750234306139161	1510823360264
35929	12885929377627618655	1510790935342
52381	17874294074616960651	1510735780154
15781	7501899284517067817	1510798447450
214951	11659598643790512424	1511260515203
20851	17757723730125788060	1510588921388
50851	6983495582337384711	1511140645308
59851	13586829355551632935	1510904052223
17851	4145797684735983238	1510813612324
15421	4501450200200416760	1510998712354
15001	4791681172511859413	1510814905455
179851	1823440213182009554	1510589711475
17701	2234278696030196500	1510793543125
15361	9234529352071506680	1510814937267
209851	3989298481238955462	1510904468408
313501	6748108606984851189	1510725531210
6376	10717062065719029428	1511073500111
16351	2927877757886766908	1510738438188
19807	394850431046449728	1510813739276
35851	3161885362949181841	1511271108466
81301	10707912213440189678	1510727546332
35851	10606330637611665128	1510707080451
22501	3557975246692031708	1510908230146
38101	12343681730490147125	1510797626413
29851	12653760821686527305	1510726256265
331351	1573011885083287446	1510593739117
100801	3405600131335102405	1510898600169
7771	16013337233571149358	1510589131450
43129	5198552175086541970	1511145321453
16201	5913656280416338866	1510588907231
89851	7266443613921500505	1510816823319
103651	5640913170511771408	1511171832405
3736	7760853437574723563	1510921516474
86851	10367632008202619526	1511140090162
23851	16095176485381176070	1510646430365
29374	16170896934133148173	1511143830365
38761	13647688774208064759	1511158121451
44401	11830197540048751247	1511166560361
9601	1242062581110901629	1510640240489
20851	15619463111609006108	1510607359463
23836	7385595394637480952	1511079013225
73351	9074871254155200079	1511272226242
9001	10119023515463420219	1510880157235
87451	488218746967187640	1511163020429
40201	13112567106024219888	1510997193197
10351	957321599168760366	1510989874153
124225	8813598237287139540	1511139460149
13201	13829519697670022847	1510593039387
8401	4548588338378022321	1510733041421
25351	7259237163662576973	1511077587114
34681	3021526478148004198	1511143830151
92851	8231664779794509614	1510747056441
11851	11364361080967245735	1511069601466
25051	3092452597814765263	1510925176198
534858	6228752236924992583	1511268520364
11851	3841244322854795547	1511264078419
22411	15482638419921284370	1510909597216
31951	13485137825905397591	1510590467434
73501	6086768309640034244	1511161693380
9736	13723069521038168048	1511161355357
19351	12090417743459611534	1510728699353
100501	11404566970992361157	1511145832387
9901	11203684628741625537	1510826170450
65251	9876565142334141285	1510589511124
5986	8930636622684676203	1510641630450
6526	1208636175403279120	1510808913325
20701	17638234542023561091	1511229764390
62189.5	11028602653801217780	1511243579198
18427	13105016363714639485	1510596142197
11851	11939429682000221086	1511162388177
37501	6554793162093628161	1510711949171
71851	13687894664233474133	1511224341110
31622.5	8194771742333284881	1510752658320
28501	8659889533292870248	1510799527307
23116	18382420445191700453	1511250326441
20983	12267873888354886430	1511185254205
78451	16033563457786137118	1510589132149
318901	14319413321893718177	1510597352278
77851	1971956999756269326	1510590336281
64351	16668036429879301010	1511091812258
8078.5	9979388592751259388	1511257450293
14101	7760668671076273992	1511233477333
6886	1480449033991841993	1510817197209
14939.5	15224267282997461439	1511088151448
18001	8878471892304420842	1510816003432
38390.5	14730477023055404435	1510650681474
7486	15537333248742984663	1510588882377
18001	1704658459249095212	1510592511336
30001	11631628317746025332	1510589032205
11851	1372785532131273124	1510923553445
89851	7256288572183930815	1510814293382
13423	8690509698486764141	1511164608460
131851	1615714773490894056	1510714599130
148501	17221281780563639742	1510902992342
3871	5297601546361152366	1510588843485
194851	611960050428721812	1510808434481
44851	7298585421408191730	1511086450356
11851	5284453218729376588	1510653034386
89851	3649261534910262050	1511156316368
27863.5	14837258265608241359	1510730390241
149101	13752353684309963380	1510743086251
470443	17573238045534233989	1511248800227
31051	8874457655943703844	1511246991252
103351	12164245161752616170	1511155087259
65701	17723848684107972185	1510902935223
85201	16607830521760303760	1511161299381
11926	17707435807069690930	1510986242365
11986	15561854027274284037	1510641382273
70351	6187701952426024106	1510595585170
38761	16637365377046836562	1510660612156
104701	8559367816872894583	1511254540219
67351	6687360861323883189	1510589355364
8851	5561096155036689774	1511062725390
35266	6516799669318281480	1510661912329
54668.5	8635017274257659052	1511181725322
18451	1140634558414139477	1510836706119
15443.5	9306704676953135350	1510716595313
8071	5680857352748222601	1510614299388
16201	17890748766315079192	1510833067144
46160.5	15830761454773741773	1510592515206
15301	3933233289629311665	1510829596343
46351	13965014728490369456	1510974881427
2.5	8873804145406125326	1511262038176
179851	10128928005991146906	1510589739374
14851	9878360988322189900	1511082550279
10801	7994569314423776532	1510588959350
29851	8189078191073082410	1510985817153
28201	6180543289041307292	1510607333323
19351	9846219180835362751	1510829847424
24842.5	9703379626712729255	1510808002422
13351	5249814524130450208	1510973319465
20401	12386106407054728428	1510881988185
554851	3088311881305398662	1511154630337
22471	2923014547744298756	1510985443228
49801	11784055250843438468	1510641420345
14701	15136873604666351980	1511250969461
39751	129836393483963778	1510589708297
127351	8151709568093811540	1510727126398
11851	1212598175787106017	1510646014422
17851	16149049711565575875	1511136626368
199351	2524885559104583081	1510920230243
16201	12627872962710558207	1510987230151
17251	5989881421720139320	1510980839243
114901	13373458335700184403	1511183344143
80851	7668546919880947069	1510716655381
9751	7048640794774170819	1510589751253
14851	16200066947236667746	1510797251342
27526	11041544270101099755	1510739299382
58501	4068499029128398080	1510710624151
14851	1359184351743698986	1510589768387
599851	10118370004925714809	1510897372099
40351	15826269057881693880	1510634418183
9568	2579306099434948391	1510625556324
4636	4890147772305366696	1511185176354
16201	18341067814254471423	1510752316245
14761	16482178565039265281	1511165882291
20851	9709072827821437423	1510812810214
7351	1460449015898075165	1510903199477
74851	5237720024854250617	1510716855125
850366	9182966080477626684	1510589020326
83701	3663742638238101857	1510627208196
25201	3649299239162889216	1511244486278
23851	4885969351543315671	1511090799412
33451	4769082445529786138	1511141483435
104851	10000035468326635956	1510589137407
434851	5387605977297563219	1510589629445
11101	12389345791079105460	1510590321406
12751	13071867659117466563	1510900581393
158701	16882368655770522430	1511163419354
17851	2160378282516821705	1510594547339
13201	17609321917190413074	1511248794271
54901	5286418955977566142	1510593027107
19801	14023904384508646922	1511252962391
62851	411118165337556803	1510900217202
9751	4579595024321520716	1510879413329
93601	5397690030718219781	1510914446461
14999.5	14512255541278506417	1511085400357
34351	4972694459873371695	1511184403359
8851	269085518026104328	1510589104353
17956	16583953125350946100	1510595592196
14941	9093018093766179083	1510794101256
43351	15100472469943245101	1511155525140
16618	7915032519063491698	1510830562458
29851	8106590817797650525	1510627547268
63451	2377157608548857202	1511252562396
71851	11772154444527555137	1510796356214
14851	2582620649121471610	1510589440461
67351	16765659697273528966	1510725148298
19351	9672521803528684582	1510992741201
14971	13076658247487794431	1510885376274
59551	17807691104419986459	1511079421135
8941	11322179598276819078	1510590313299
12901	11893115582035986465	1510588987453
17716	5052059444474772097	1510705395235
29851	16685790579382855488	1511248185244
71401	10053380446167699252	1510826784158
250008	16629725387773227499	1511150177369
56549.5	8183152206572229578	1511159259160
23399.5	14497899535586591874	1510797158452
29851	10845572080694002954	1510607359233
28051	11104891590864913428	1510629749187
16618	15925055817739508514	1510838406233
7651	12763722276252905597	1510807276419
44851	6442082736876485622	1510969744480
12899.5	11391165146077446794	1510832083124
26587	3168147594920866944	1511064685436
11851	16421497798179096826	1510901924451
4786	6560765278178307547	1510743190382
12983.5	4326283186322917174	1510972887306
